polygon [271.0, 716.0, 303.0, 721.0, 348.0, 721.0, 385.0, 711.0, 407.0, 707.0, 419.0, 707.0, 443.0, 711.0, 458.0, 722.0, 474.0, 726.0, 494.0, 727.0, 512.0, 727.0, 527.0, 727.0, 558.0, 732.0, 603.0, 735.0, 638.0, 736.0, 672.0, 734.0, 716.0, 735.0, 758.0, 731.0, 767.0, 731.0, 781.0, 732.0, 798.0, 736.0, 817.0, 739.0, 834.0, 743.0, 844.0, 739.0, 850.0, 736.0, 860.0, 734.0, 879.0, 734.0, 894.0, 732.0, 914.0, 730.0, 952.0, 729.0, 981.0, 731.0, 994.0, 734.0, 1013.0, 737.0, 1036.0, 737.0, 1036.0, 737.0, 1040.0, 808.0, 1040.0, 808.0, 267.0, 800.0, 267.0, 800.0, 266.0, 712.0]
polygon [380.0, 715.0, 392.0, 711.0, 392.0, 711.0, 396.0, 700.0, 390.0, 691.0, 389.0, 680.0, 395.0, 673.0, 400.0, 668.0, 402.0, 659.0, 402.0, 654.0, 395.0, 643.0, 395.0, 631.0, 403.0, 624.0, 405.0, 610.0, 398.0, 599.0, 397.0, 588.0, 401.0, 568.0, 402.0, 557.0, 399.0, 546.0, 393.0, 541.0, 388.0, 538.0, 388.0, 538.0, 388.0, 543.0, 384.0, 552.0, 384.0, 562.0, 390.0, 571.0, 393.0, 583.0, 390.0, 592.0, 383.0, 602.0, 386.0, 620.0, 387.0, 631.0, 389.0, 644.0, 382.0, 651.0, 378.0, 660.0, 378.0, 665.0, 381.0, 677.0, 381.0, 691.0, 378.0, 698.0, 378.0, 708.0, 378.0, 708.0]
polygon [352.0, 720.0, 363.0, 717.0, 363.0, 717.0, 367.0, 709.0, 363.0, 699.0, 361.0, 694.0, 361.0, 690.0, 365.0, 681.0, 371.0, 672.0, 371.0, 665.0, 365.0, 647.0, 363.0, 642.0, 367.0, 636.0, 371.0, 627.0, 374.0, 615.0, 372.0, 603.0, 367.0, 593.0, 366.0, 589.0, 373.0, 577.0, 377.0, 563.0, 376.0, 552.0, 374.0, 540.0, 375.0, 533.0, 381.0, 522.0, 377.0, 507.0, 370.0, 494.0, 359.0, 486.0, 359.0, 486.0, 363.0, 498.0, 363.0, 509.0, 363.0, 514.0, 366.0, 525.0, 370.0, 536.0, 370.0, 546.0, 360.0, 561.0, 360.0, 574.0, 364.0, 588.0, 364.0, 601.0, 357.0, 610.0, 359.0, 627.0, 361.0, 637.0, 358.0, 653.0, 351.0, 661.0, 349.0, 673.0, 353.0, 689.0, 357.0, 699.0, 355.0, 706.0, 352.0, 717.0]
polygon [326.0, 723.0, 336.0, 721.0, 336.0, 721.0, 342.0, 707.0, 341.0, 696.0, 337.0, 687.0, 337.0, 678.0, 338.0, 665.0, 345.0, 654.0, 345.0, 637.0, 341.0, 622.0, 339.0, 611.0, 346.0, 595.0, 350.0, 585.0, 350.0, 574.0, 347.0, 557.0, 343.0, 542.0, 343.0, 533.0, 345.0, 521.0, 348.0, 502.0, 341.0, 482.0, 338.0, 477.0, 338.0, 477.0, 331.0, 487.0, 331.0, 502.0, 333.0, 515.0, 339.0, 529.0, 338.0, 550.0, 329.0, 562.0, 328.0, 578.0, 333.0, 594.0, 337.0, 606.0, 330.0, 620.0, 323.0, 631.0, 325.0, 652.0, 329.0, 662.0, 329.0, 672.0, 324.0, 686.0, 320.0, 701.0, 322.0, 714.0]
polygon [295.0, 721.0, 306.0, 723.0, 312.0, 709.0, 309.0, 697.0, 305.0, 686.0, 304.0, 677.0, 305.0, 667.0, 311.0, 655.0, 312.0, 648.0, 309.0, 633.0, 309.0, 625.0, 317.0, 614.0, 321.0, 596.0, 316.0, 586.0, 312.0, 575.0, 316.0, 557.0, 316.0, 540.0, 310.0, 527.0, 306.0, 521.0, 306.0, 521.0, 298.0, 546.0, 305.0, 564.0, 309.0, 576.0, 302.0, 591.0, 300.0, 605.0, 307.0, 617.0, 307.0, 627.0, 294.0, 638.0, 291.0, 651.0, 299.0, 671.0, 300.0, 682.0, 290.0, 694.0, 287.0, 701.0, 287.0, 710.0]
polygon [672.0, 664.0, 666.0, 680.0, 666.0, 706.0, 677.0, 725.0, 698.0, 739.0, 698.0, 739.0, 719.0, 721.0, 732.0, 702.0, 734.0, 677.0, 732.0, 662.0, 695.0, 657.0]
polygon [663.0, 346.0, 656.0, 334.0, 654.0, 306.0, 660.0, 283.0, 677.0, 261.0, 677.0, 261.0, 705.0, 286.0, 725.0, 316.0, 729.0, 343.0]
polygon [396.0, 425.0, 468.0, 441.0, 505.0, 462.0, 507.0, 464.0, 523.0, 447.0, 536.0, 421.0, 566.0, 395.0, 591.0, 374.0, 624.0, 352.0, 648.0, 342.0, 679.0, 336.0, 708.0, 331.0, 741.0, 332.0, 764.0, 337.0, 791.0, 343.0, 813.0, 355.0, 842.0, 369.0, 858.0, 382.0, 872.0, 396.0, 905.0, 432.0, 957.0, 508.0, 957.0, 508.0, 906.0, 577.0, 906.0, 577.0, 873.0, 611.0, 842.0, 633.0, 823.0, 646.0, 787.0, 663.0, 758.0, 670.0, 728.0, 676.0, 707.0, 677.0, 675.0, 671.0, 641.0, 660.0, 602.0, 639.0, 579.0, 623.0, 549.0, 593.0, 531.0, 572.0, 521.0, 561.0, 521.0, 561.0, 501.0, 572.0, 469.0, 583.0, 434.0, 593.0, 413.0, 596.0, 397.0, 593.0, 394.0, 593.0, 394.0, 593.0, 410.0, 567.0, 420.0, 547.0, 436.0, 532.0, 450.0, 521.0, 465.0, 513.0, 478.0, 507.0, 478.0, 507.0, 438.0, 494.0, 408.0, 469.0, 400.0, 446.0, 396.0, 424.0]
polygon [696.0, 336.0, 675.0, 369.0, 677.0, 410.0, 690.0, 427.0, 713.0, 439.0, 720.0, 444.0, 720.0, 444.0, 686.0, 470.0, 674.0, 488.0, 672.0, 504.0, 671.0, 519.0, 677.0, 532.0, 689.0, 545.0, 706.0, 557.0, 721.0, 568.0, 721.0, 568.0, 690.0, 589.0, 684.0, 604.0, 684.0, 624.0, 691.0, 633.0, 711.0, 650.0, 740.0, 668.0, 748.0, 672.0, 748.0, 672.0, 777.0, 667.0, 803.0, 655.0, 803.0, 655.0, 774.0, 637.0, 753.0, 614.0, 750.0, 597.0, 759.0, 577.0, 777.0, 560.0, 780.0, 558.0, 780.0, 558.0, 768.0, 550.0, 753.0, 533.0, 740.0, 509.0, 740.0, 488.0, 750.0, 465.0, 761.0, 455.0, 778.0, 444.0, 778.0, 444.0, 760.0, 431.0, 745.0, 413.0, 739.0, 395.0, 739.0, 368.0, 746.0, 354.0, 763.0, 338.0, 763.0, 338.0, 722.0, 330.0, 696.0, 336.0]
polygon [553.0, 410.0, 544.0, 434.0, 545.0, 451.0, 554.0, 462.0, 560.0, 468.0, 562.0, 468.0, 562.0, 468.0, 549.0, 478.0, 542.0, 490.0, 538.0, 510.0, 539.0, 524.0, 548.0, 537.0, 557.0, 545.0, 561.0, 552.0, 561.0, 552.0, 546.0, 560.0, 547.0, 581.0, 554.0, 595.0, 557.0, 602.0, 582.0, 623.0, 599.0, 635.0, 632.0, 653.0, 642.0, 656.0, 642.0, 656.0, 610.0, 629.0, 604.0, 613.0, 608.0, 595.0, 619.0, 580.0, 630.0, 567.0, 636.0, 562.0, 636.0, 562.0, 616.0, 554.0, 596.0, 527.0, 592.0, 501.0, 597.0, 483.0, 614.0, 462.0, 632.0, 453.0, 632.0, 453.0, 609.0, 439.0, 592.0, 414.0, 592.0, 398.0, 599.0, 377.0, 615.0, 360.0, 617.0, 358.0, 617.0, 358.0, 585.0, 381.0, 558.0, 403.0, 552.0, 411.0, 552.0, 411.0]
polygon [930.0, 710.0, 924.0, 716.0, 918.0, 710.0, 923.0, 701.0, 934.0, 701.0, 941.0, 714.0, 934.0, 722.0, 922.0, 722.0, 915.0, 714.0, 915.0, 699.0, 921.0, 689.0, 934.0, 689.0, 951.0, 698.0, 952.0, 710.0, 950.0, 728.0, 942.0, 739.0, 924.0, 745.0, 903.0, 740.0, 888.0, 723.0, 884.0, 700.0, 889.0, 678.0, 902.0, 663.0, 917.0, 653.0, 936.0, 651.0, 953.0, 651.0, 968.0, 657.0, 986.0, 671.0, 998.0, 691.0, 1001.0, 703.0, 1004.0, 724.0, 1004.0, 737.0, 1001.0, 753.0, 1001.0, 753.0, 986.0, 756.0, 973.0, 754.0, 963.0, 747.0, 955.0, 738.0, 951.0, 731.0, 953.0, 722.0, 954.0, 707.0, 949.0, 698.0, 938.0, 692.0, 928.0, 690.0, 921.0, 691.0, 915.0, 703.0, 915.0, 716.0, 926.0, 724.0, 934.0, 723.0, 940.0, 715.0, 937.0, 706.0, 925.0, 703.0, 921.0, 712.0]
[955.0, 509.0, 922.0, 566.0, 869.0, 614.0, 829.0, 643.0, 763.0, 669.0, 716.0, 678.0, 654.0, 667.0, 598.0, 638.0, 560.0, 609.0, 523.0, 560.0, 523.0, 560.0]
[739.0, 425.0, 660.0, 389.0, 725.0, 270.0, 857.0, 310.0, 909.0, 386.0, 896.0, 453.0]
